0.000000000000000000e+00 0.000000000000000000e+00 8.900000000000000000e+01 1.905781584582441068e-01 6.700000000000000000e+01 7.528089887640448952e-01 6.000000000000000000e+00 1.000000000000000000e+00 4.000000000000000000e+00 1.000000000000000000e+01 1.000000000000000000e+00 2.000000000000000000e+00
0.000000000000000000e+00 1.000000000000000000e+00 9.000000000000000000e+01 1.927194860813704613e-01 7.400000000000000000e+01 8.222222222222221877e-01 6.000000000000000000e+00 1.000000000000000000e+00 4.000000000000000000e+00 1.000000000000000000e+01 1.000000000000000000e+00 2.000000000000000000e+00
0.000000000000000000e+00 2.000000000000000000e+00 1.530000000000000000e+02 3.276231263383297398e-01 1.120000000000000000e+02 7.320261437908496260e-01 7.000000000000000000e+00 5.000000000000000000e+00 5.000000000000000000e+00 9.000000000000000000e+00 0.000000000000000000e+00 2.000000000000000000e+00
0.000000000000000000e+00 3.000000000000000000e+00 1.350000000000000000e+02 2.890792291220556920e-01 6.900000000000000000e+01 5.111111111111110716e-01 9.000000000000000000e+00 1.000000000000000000e+01 7.000000000000000000e+00 2.000000000000000000e+00 2.000000000000000000e+00 1.000000000000000000e+00
1.000000000000000000e+00 0.000000000000000000e+00 4.900000000000000000e+01 1.324324324324324398e-01 4.400000000000000000e+01 8.979591836734693855e-01 2.000000000000000000e+00 1.000000000000000000e+00 3.000000000000000000e+00 1.000000000000000000e+01 1.000000000000000000e+00 2.000000000000000000e+00
1.000000000000000000e+00 1.000000000000000000e+00 3.200000000000000000e+01 8.648648648648649129e-02 2.800000000000000000e+01 8.750000000000000000e-01 5.000000000000000000e+00 4.000000000000000000e+00 4.000000000000000000e+00 1.000000000000000000e+01 1.000000000000000000e+00 2.000000000000000000e+00
1.000000000000000000e+00 2.000000000000000000e+00 1.820000000000000000e+02 4.918918918918919192e-01 1.270000000000000000e+02 6.978021978021977656e-01 9.000000000000000000e+00 9.000000000000000000e+00 1.000000000000000000e+01 1.000000000000000000e+01 1.000000000000000000e+00 2.000000000000000000e+00
1.000000000000000000e+00 3.000000000000000000e+00 1.070000000000000000e+02 2.891891891891891775e-01 4.400000000000000000e+01 4.112149532710280275e-01 1.000000000000000000e+01 1.000000000000000000e+01 1.000000000000000000e+01 1.000000000000000000e+00 2.000000000000000000e+00 1.000000000000000000e+00
2.000000000000000000e+00 0.000000000000000000e+00 4.600000000000000000e+01 1.869918699186991773e-01 2.700000000000000000e+01 5.869565217391304879e-01 5.000000000000000000e+00 3.000000000000000000e+00 2.000000000000000000e+00 8.000000000000000000e+00 0.000000000000000000e+00 2.000000000000000000e+00
2.000000000000000000e+00 1.000000000000000000e+00 2.300000000000000000e+01 9.349593495934958864e-02 1.600000000000000000e+01 6.956521739130434590e-01 4.000000000000000000e+00 3.000000000000000000e+00 2.000000000000000000e+00 7.000000000000000000e+00 0.000000000000000000e+00 2.000000000000000000e+00
2.000000000000000000e+00 2.000000000000000000e+00 5.100000000000000000e+01 2.073170731707316972e-01 2.600000000000000000e+01 5.098039215686274161e-01 5.000000000000000000e+00 3.000000000000000000e+00 3.000000000000000000e+00 9.000000000000000000e+00 0.000000000000000000e+00 2.000000000000000000e+00
2.000000000000000000e+00 3.000000000000000000e+00 1.260000000000000000e+02 5.121951219512195230e-01 5.700000000000000000e+01 4.523809523809523836e-01 8.000000000000000000e+00 8.000000000000000000e+00 9.000000000000000000e+00 2.000000000000000000e+00 2.000000000000000000e+00 1.000000000000000000e+00
3.000000000000000000e+00 0.000000000000000000e+00 2.100000000000000000e+01 7.806691449814126549e-02 2.000000000000000000e+01 9.523809523809523281e-01 6.000000000000000000e+00 2.000000000000000000e+00 2.000000000000000000e+00 1.000000000000000000e+01 1.000000000000000000e+00 2.000000000000000000e+00
3.000000000000000000e+00 1.000000000000000000e+00 4.700000000000000000e+01 1.747211895910780743e-01 3.100000000000000000e+01 6.595744680851063357e-01 4.000000000000000000e+00 6.000000000000000000e+00 4.000000000000000000e+00 8.000000000000000000e+00 1.000000000000000000e+00 2.000000000000000000e+00
3.000000000000000000e+00 2.000000000000000000e+00 1.700000000000000000e+01 6.319702602230482802e-02 1.400000000000000000e+01 8.235294117647058432e-01 7.000000000000000000e+00 7.000000000000000000e+00 3.000000000000000000e+00 8.000000000000000000e+00 0.000000000000000000e+00 1.000000000000000000e+00
3.000000000000000000e+00 3.000000000000000000e+00 1.840000000000000000e+02 6.840148698884758183e-01 9.500000000000000000e+01 5.163043478260869179e-01 9.000000000000000000e+00 1.000000000000000000e+01 9.000000000000000000e+00 2.000000000000000000e+00 0.000000000000000000e+00 0.000000000000000000e+00
4.000000000000000000e+00 0.000000000000000000e+00 1.100000000000000000e+02 3.125000000000000000e-01 7.400000000000000000e+01 6.727272727272727293e-01 9.000000000000000000e+00 1.000000000000000000e+00 4.000000000000000000e+00 8.000000000000000000e+00 1.000000000000000000e+00 2.000000000000000000e+00
4.000000000000000000e+00 1.000000000000000000e+00 2.000000000000000000e+01 5.681818181818181629e-02 1.400000000000000000e+01 6.999999999999999556e-01 7.000000000000000000e+00 5.000000000000000000e+00 4.000000000000000000e+00 4.000000000000000000e+00 3.000000000000000000e+00 0.000000000000000000e+00
4.000000000000000000e+00 2.000000000000000000e+00 3.000000000000000000e+01 8.522727272727272096e-02 1.600000000000000000e+01 5.333333333333333259e-01 5.000000000000000000e+00 7.000000000000000000e+00 7.000000000000000000e+00 8.000000000000000000e+00 0.000000000000000000e+00 1.000000000000000000e+00
4.000000000000000000e+00 3.000000000000000000e+00 1.920000000000000000e+02 5.454545454545454142e-01 1.080000000000000000e+02 5.625000000000000000e-01 7.000000000000000000e+00 1.000000000000000000e+01 4.000000000000000000e+00 5.000000000000000000e+00 0.000000000000000000e+00 2.000000000000000000e+00
