0.000000000000000000e+00 0.000000000000000000e+00 2.900000000000000000e+01 1.160000000000000059e-01 2.500000000000000000e+01 8.620689655172413257e-01
0.000000000000000000e+00 1.000000000000000000e+00 8.700000000000000000e+01 3.479999999999999760e-01 8.100000000000000000e+01 9.310344827586206629e-01
0.000000000000000000e+00 2.000000000000000000e+00 3.300000000000000000e+01 1.320000000000000062e-01 1.800000000000000000e+01 5.454545454545454142e-01
0.000000000000000000e+00 3.000000000000000000e+00 1.010000000000000000e+02 4.040000000000000258e-01 5.100000000000000000e+01 5.049504950495049549e-01
1.000000000000000000e+00 0.000000000000000000e+00 2.500000000000000000e+02 1.000000000000000000e+00 2.140000000000000000e+02 8.559999999999999831e-01
1.000000000000000000e+00 1.000000000000000000e+00 0.000000000000000000e+00 0.000000000000000000e+00 0.000000000000000000e+00 0.000000000000000000e+00
1.000000000000000000e+00 2.000000000000000000e+00 0.000000000000000000e+00 0.000000000000000000e+00 0.000000000000000000e+00 0.000000000000000000e+00
1.000000000000000000e+00 3.000000000000000000e+00 0.000000000000000000e+00 0.000000000000000000e+00 0.000000000000000000e+00 0.000000000000000000e+00
2.000000000000000000e+00 0.000000000000000000e+00 3.300000000000000000e+01 1.320000000000000062e-01 2.700000000000000000e+01 8.181818181818182323e-01
2.000000000000000000e+00 1.000000000000000000e+00 8.800000000000000000e+01 3.519999999999999796e-01 7.400000000000000000e+01 8.409090909090909394e-01
2.000000000000000000e+00 2.000000000000000000e+00 3.600000000000000000e+01 1.439999999999999891e-01 1.900000000000000000e+01 5.277777777777777901e-01
2.000000000000000000e+00 3.000000000000000000e+00 9.300000000000000000e+01 3.719999999999999973e-01 5.500000000000000000e+01 5.913978494623656212e-01
3.000000000000000000e+00 0.000000000000000000e+00 4.700000000000000000e+01 1.880000000000000004e-01 2.700000000000000000e+01 5.744680851063830307e-01
3.000000000000000000e+00 1.000000000000000000e+00 6.600000000000000000e+01 2.640000000000000124e-01 3.800000000000000000e+01 5.757575757575758013e-01
3.000000000000000000e+00 2.000000000000000000e+00 5.700000000000000000e+01 2.280000000000000082e-01 2.600000000000000000e+01 4.561403508771929571e-01
3.000000000000000000e+00 3.000000000000000000e+00 8.000000000000000000e+01 3.200000000000000067e-01 3.900000000000000000e+01 4.874999999999999889e-01
4.000000000000000000e+00 0.000000000000000000e+00 2.500000000000000000e+01 1.000000000000000056e-01 2.200000000000000000e+01 8.800000000000000044e-01
4.000000000000000000e+00 1.000000000000000000e+00 1.200000000000000000e+01 4.800000000000000100e-02 1.100000000000000000e+01 9.166666666666666297e-01
4.000000000000000000e+00 2.000000000000000000e+00 6.600000000000000000e+01 2.640000000000000124e-01 4.100000000000000000e+01 6.212121212121212155e-01
4.000000000000000000e+00 3.000000000000000000e+00 1.470000000000000000e+02 5.879999999999999671e-01 7.700000000000000000e+01 5.238095238095238360e-01
